0,0,0,0,0,0,0,0,0,0,0,0,0,0,0,0,0,0,0,0,0,0,0,0,0,0,0,0,0,0,0,0,0,0,0,0,0,0,0,0,0,0,0,0,0,0,0,0,0,0,0,0,0,0,0,0,0,0,0,0,0,0,0,0,0,0,0,0,0,0,0,0,0,0,0,0,0,0,0,0,0,0,0,0,0,0,0,0,0,0,0,0,0,0,0,0,0,0,0,0;
0,0,0,0,0,0,0,0,0,0,0,0,0,0,0,0,0,0,0,0,0,0,0,0,0,0,0,0,0,0,0,0,0,0,0,0,0,0,0,0,0,0,0,0,0,0,0,0,0,0,0,0,0,0,0,0,0,0,0,0,0,0,0,0,0,0,0,0,0,0,0,0,0,0,0,0,0,0,0,0,0,0,0,0,0,0,0,0,0,0,0,0,0,0,0,0,0,0,0,0;
0,0,0,0,0,0,0,0,0,0,0,0,0,0,0,0,0,0,0,0,0,0,0,0,0,0,0,0,0,0,0,0,0,0,0,0,0,0,0,0,0,0,0,0,0,0,0,0,0,0,0,0,0,0,0,0,0,0,0,0,0,0,0,0,0,0,0,0,0,0,0,0,0,0,0,0,0,0,0,0,0,0,0,0,0,0,0,0,0,0,0,0,0,0,0,0,0,0,0,0;
0,0,0,0,0,0,0,0,0,0,0,0,0,0,0,0,0,0,0,0,0,0,0,0,0,0,0,0,0,0,0,0,0,0,0,0,0,0,0,0,0,0,0,0,0,0,0,0,0,0,0,0,0,0,0,0,0,0,0,0,0,0,0,0,0,0,0,0,0,0,0,0,0,0,0,0,0,0,0,0,0,0,0,0,0,0,0,0,0,0,0,0,0,0,0,0,0,0,0,0;
0,0,0,0,0,0,0,0,0,0,0,0,0,0,0,0,0,0,0,0,0,0,0,0,0,0,0,0,0,0,0,0,0,0,0,0,0,0,0,0,0,0,0,0,0,0,0,0,0,0,0,0,0,0,0,0,0,0,0,0,0,0,0,0,0,0,0,0,0,0,0,0,0,0,0,0,0,0,0,0,0,0,0,0,0,0,0,0,0,0,0,0,0,0,0,0,0,0,0,0;
0,0,0,0,0,0,0,0,0,0,0,0,0,0,0,0,0,0,0,0,0,0,0,0,0,0,0,0,0,0,0,0,0,0,0,0,0,0,0,0,0,0,0,0,0,0,0,0,0,0,0,0,0,0,0,0,0,0,0,0,0,0,0,0,0,0,0,0,0,0,0,0,0,0,0,0,0,0,0,0,0,0,0,0,0,0,0,0,0,0,0,0,0,0,0,0,0,0,0,0;
0,0,0,0,0,0,0,0,0,0,0,0,0,0,0,0,0,0,0,0,0,0,0,0,0,0,0,0,0,0,0,0,0,0,0,0,0,0,0,0,0,0,0,0,0,0,0,0,0,0,0,0,0,0,0,0,0,0,0,0,0,0,0,0,0,0,0,0,0,0,0,0,0,0,0,0,0,0,0,0,0,0,0,0,0,0,0,0,0,0,0,0,0,0,0,0,0,0,0,0;
0,0,0,0,0,0,0,0,0,0,0,0,0,0,0,0,0,0,0,0,0,0,0,0,0,0,0,0,0,0,0,0,0,0,0,0,0,0,0,0,0,0,0,0,0,0,0,0,0,0,0,0,0,0,0,0,0,0,0,0,0,0,0,0,0,0,0,0,0,0,0,0,0,0,0,0,0,0,0,0,0,0,0,0,0,0,0,0,0,0,0,0,0,0,0,0,0,0,0,0;
0,0,0,0,0,0,0,0,0,0,0,0,0,0,0,0,0,0,0,0,0,0,0,0,0,0,0,0,0,0,0,0,0,0,0,0,0,0,0,0,0,0,0,0,0,0,0,0,0,0,0,0,0,0,0,0,0,0,0,0,0,0,0,0,0,0,0,0,0,0,0,0,0,0,0,0,0,0,0,0,0,0,0,0,0,0,0,0,0,0,0,0,0,0,0,0,0,0,0,0;
0,0,0,0,0,0,0,0,0,0,0,0,0,0,0,0,0,0,0,0,0,0,0,0,0,0,0,0,0,0,0,0,0,0,0,0,0,0,0,0,0,0,0,0,0,0,0,0,0,0,0,0,0,0,0,0,0,0,0,0,0,0,0,0,0,0,0,0,0,0,0,0,0,0,0,0,0,0,0,0,0,0,0,0,0,0,0,0,0,0,0,0,0,0,0,0,0,0,0,0;
0,0,0,0,0,0,0,0,0,0,0,0,0,0,0,0,0,0,0,0,0,0,0,0,0,0,0,0,0,0,0,0,0,0,0,0,0,0,0,0,0,0,0,0,0,0,0,0,0,0,0,0,0,0,0,0,0,0,0,0,0,0,0,0,0,0,0,0,0,0,0,0,0,0,0,0,0,0,0,0,0,0,0,0,0,0,0,0,0,0,0,0,0,0,0,0,0,0,0,0;
0,0,0,0,0,0,0,0,0,0,0,0,0,0,0,0,0,0,0,0,0,0,0,0,0,0,0,0,0,0,0,0,0,0,0,0,0,0,0,0,0,0,0,0,0,0,0,0,0,0,0,0,0,0,0,0,0,0,0,0,0,0,0,0,0,0,0,0,0,0,0,0,0,0,0,0,0,0,0,0,0,0,0,0,0,0,0,0,0,0,0,0,0,0,0,0,0,0,0,0;
0,0,0,0,0,0,0,0,0,0,0,0,0,0,0,0,0,0,0,0,0,0,0,0,0,0,0,0,0,0,0,0,0,0,0,0,0,0,0,0,0,0,0,0,0,0,0,0,0,0,0,0,0,0,0,0,0,0,0,0,0,0,0,0,0,0,0,0,0,0,0,0,0,0,0,0,0,0,0,0,0,0,0,0,0,0,0,0,0,0,0,0,0,0,0,0,0,0,0,0;
0,0,0,0,0,0,0,0,0,0,0,0,0,0,0,0,0,0,0,0,0,0,0,0,0,0,0,0,0,0,0,0,0,0,0,0,0,0,0,0,0,0,0,0,0,0,0,0,0,0,0,0,0,0,0,0,0,0,0,0,0,0,0,0,0,0,0,0,0,0,0,0,0,0,0,0,0,0,0,0,0,0,0,0,0,0,0,0,0,0,0,0,0,0,0,0,0,0,0,0;
0,0,0,0,0,0,0,0,0,0,0,0,0,0,0,0,0,0,0,0,0,0,0,0,0,0,0,0,0,0,0,0,0,0,0,0,0,0,0,0,0,0,0,0,0,0,0,0,0,0,0,0,0,0,0,0,0,0,0,0,0,0,0,0,0,0,0,0,0,0,0,0,0,0,0,0,0,0,0,0,0,0,0,0,0,0,0,0,0,0,0,0,0,0,0,0,0,0,0,0;
0,0,0,0,0,0,0,0,0,0,0,0,0,0,0,0,0,0,0,0,0,0,0,0,0,0,0,0,0,0,0,0,0,0,0,0,0,0,0,0,0,0,0,0,0,0,0,0,0,0,0,0,0,0,0,0,0,0,0,0,0,0,0,0,0,0,0,0,0,0,0,0,0,0,0,0,0,0,0,0,0,0,0,0,0,0,0,0,0,0,0,0,0,0,0,0,0,0,0,0;
0,0,0,0,0,0,0,0,0,0,0,0,0,0,0,0,0,0,0,0,0,0,0,0,0,0,0,0,0,0,0,0,0,0,0,0,0,0,0,0,0,0,0,0,0,0,0,0,0,0,0,0,0,0,0,0,0,0,0,0,0,0,0,0,0,0,0,0,0,0,0,0,0,0,0,0,0,0,0,0,0,0,0,0,0,0,0,0,0,0,0,0,0,0,0,0,0,0,0,0;
0,0,0,0,0,0,0,0,0,0,0,0,0,0,0,0,0,0,0,0,0,0,0,0,0,0,0,0,0,0,0,0,0,0,0,0,0,0,0,0,0,0,0,0,0,0,0,0,0,0,0,0,0,0,0,0,0,0,0,0,0,0,0,0,0,0,0,0,0,0,0,0,0,0,0,0,0,0,0,0,0,0,0,0,0,0,0,0,0,0,0,0,0,0,0,0,0,0,0,0;
0,0,0,0,0,0,0,0,0,0,0,0,0,0,0,0,0,0,0,0,0,0,0,0,0,0,0,0,0,0,0,0,0,0,0,0,0,0,0,0,0,0,0,0,0,0,0,0,0,0,0,0,0,0,0,0,0,0,0,0,0,0,0,0,0,0,0,0,0,0,0,0,0,0,0,0,0,0,0,0,0,0,0,0,0,0,0,0,0,0,0,0,0,0,0,0,0,0,0,0;
68,68,68,68,68,68,68,68,68,68,68,68,68,68,68,68,68,68,68,68,68,68,68,68,68,68,68,68,68,68,68,68,68,68,68,68,68,68,68,68,68,68,68,68,68,68,68,68,68,68,68,68,68,68,68,68,0,0,0,0,0,0,0,0,0,0,0,0,0,0,0,0,0,0,0,0,0,0,0,0,0,0,0,0,0,0,0,0,0,0,0,0,0,0,0,0,0,0,0,0;
67,67,67,67,67,67,67,67,67,67,67,67,67,67,67,67,67,67,67,67,67,67,67,67,67,67,67,67,67,67,67,67,67,67,67,67,67,67,67,67,67,67,67,67,67,67,67,67,67,67,67,67,67,67,67,68,0,0,0,0,0,0,0,0,0,0,0,0,0,0,0,0,0,0,0,0,0,0,0,0,0,0,0,0,0,0,0,0,0,0,0,0,0,0,0,0,0,0,0,0;
66,66,66,66,66,66,66,66,66,66,66,66,66,66,66,66,66,66,66,66,66,66,66,66,66,66,66,66,66,66,66,66,66,66,66,66,66,66,66,66,66,66,66,66,66,66,66,66,66,66,66,66,66,66,67,68,0,0,0,0,0,0,0,0,0,0,0,0,0,0,0,0,0,0,0,0,0,0,0,0,0,0,0,0,0,0,0,0,0,0,0,0,0,0,0,0,0,0,0,0;
65,65,65,65,65,65,65,65,65,65,65,65,65,65,65,65,65,65,65,65,65,65,65,65,65,65,65,65,65,65,65,65,65,65,65,65,65,65,65,65,65,65,65,65,65,65,65,65,65,65,65,65,65,66,67,68,0,0,0,0,0,0,0,0,0,0,0,0,0,0,0,0,0,0,0,0,0,0,0,0,0,0,0,0,0,0,0,0,0,0,0,0,0,0,0,0,0,0,0,0;
64,64,64,64,64,64,64,64,64,64,64,64,64,64,64,64,64,64,64,64,64,64,64,64,64,64,64,64,64,64,64,64,64,64,64,64,64,64,64,64,64,64,64,64,64,64,64,64,64,64,64,64,65,66,67,68,0,0,0,0,0,0,0,0,0,0,0,0,0,0,0,0,0,0,0,0,0,0,0,0,0,0,0,0,0,0,0,0,0,0,0,0,0,0,0,0,0,0,0,0;
63,63,63,63,63,63,63,63,63,63,63,63,63,63,63,63,63,63,63,63,63,63,63,63,63,63,63,63,63,63,63,63,63,63,63,63,63,63,63,63,63,63,63,63,63,63,63,63,63,63,63,64,65,66,67,68,0,0,0,0,0,0,0,0,0,0,0,0,0,0,0,0,0,0,0,0,0,0,0,0,0,0,0,0,0,0,0,0,0,0,0,0,0,0,0,0,0,0,0,0;
62,62,62,62,62,62,62,62,62,62,62,62,62,62,62,62,62,62,62,62,62,62,62,62,62,62,62,62,62,62,62,62,62,62,62,62,62,62,62,62,62,62,62,62,62,62,62,62,62,62,63,64,65,66,67,68,0,0,0,0,0,0,0,0,0,0,0,0,0,0,0,0,0,0,0,0,0,0,0,0,0,0,0,0,0,0,0,0,0,0,0,0,0,0,0,0,0,0,0,0;
61,61,61,61,61,61,61,61,61,61,61,61,61,61,61,61,61,61,61,61,61,61,61,61,61,61,61,61,61,61,61,61,61,61,61,61,61,61,61,61,61,61,61,61,61,61,61,61,61,62,63,64,65,66,67,68,0,0,0,0,0,0,0,0,0,0,0,0,0,0,0,0,0,0,0,0,0,0,0,0,0,0,0,0,0,0,0,0,0,0,0,0,0,0,0,0,0,0,0,0;
60,60,60,60,60,60,60,60,60,60,60,60,60,60,60,60,60,60,60,60,60,60,60,60,60,60,60,60,60,60,60,60,60,60,60,60,60,60,60,60,60,60,60,60,60,60,60,60,61,62,63,64,65,66,67,68,0,0,0,0,0,0,0,0,0,0,0,0,0,0,0,0,0,0,0,0,0,0,0,0,0,0,0,0,0,0,0,0,0,0,0,0,0,0,0,0,0,0,0,0;
59,59,59,59,59,59,59,59,59,59,59,59,59,59,59,59,59,59,59,59,59,59,59,59,59,59,59,59,59,59,59,59,59,59,59,59,59,59,59,59,59,59,59,59,59,59,59,60,61,62,63,64,65,66,67,68,0,0,0,0,0,0,0,0,0,0,0,0,0,0,0,0,0,0,0,0,0,0,0,0,0,0,0,0,0,0,0,0,0,0,0,0,0,0,0,0,0,0,0,0;
58,58,58,58,58,58,58,58,58,58,58,58,58,58,58,58,58,58,58,58,58,58,58,58,58,58,58,58,58,58,58,58,58,58,58,58,58,58,58,58,58,58,58,58,58,58,59,60,61,62,63,64,65,66,67,68,0,0,0,0,0,0,0,0,0,0,0,0,0,0,0,0,0,0,0,0,0,0,0,0,0,0,0,0,0,0,0,0,0,0,0,0,0,0,0,0,0,0,0,0;
57,57,57,57,57,57,57,57,57,57,57,57,57,57,57,57,57,57,57,57,57,57,57,57,57,57,57,57,57,57,57,57,57,57,57,57,57,57,57,57,57,57,57,57,57,58,59,60,61,62,63,64,65,66,67,68,0,0,0,0,0,0,0,0,0,0,0,0,0,0,0,0,0,0,0,0,0,0,0,0,0,0,0,0,0,0,0,0,0,0,0,0,0,0,0,0,0,0,0,0;
56,56,56,56,56,56,56,56,56,56,56,56,56,56,56,56,56,56,56,56,56,56,56,56,56,56,56,56,56,56,56,56,56,56,56,56,56,56,56,56,56,56,56,56,57,58,59,60,61,62,63,64,65,66,67,68,0,0,0,0,0,0,0,0,0,0,0,0,0,0,0,0,0,0,0,0,0,0,0,0,0,0,0,0,0,0,0,0,0,0,0,0,0,0,0,0,0,0,0,0;
55,55,55,55,55,55,55,55,55,55,55,55,55,55,55,55,55,55,55,55,55,55,55,55,55,55,55,55,55,55,55,55,55,55,55,55,55,55,55,55,55,55,55,56,57,58,59,60,61,62,63,64,65,66,67,68,0,0,0,0,0,0,0,0,0,0,0,0,0,0,0,0,0,0,0,0,0,0,0,0,0,0,0,0,0,0,0,0,0,0,0,0,0,0,0,0,0,0,0,0;
54,54,54,54,54,54,54,54,54,54,54,54,54,54,54,54,54,54,54,54,54,54,54,54,54,54,54,54,54,54,54,54,54,54,54,54,54,54,54,54,54,54,55,56,57,58,59,60,61,62,63,64,65,66,67,68,0,0,0,0,0,0,0,0,0,0,0,0,0,0,0,0,0,0,0,0,0,0,0,0,0,0,0,0,0,0,0,0,0,0,0,0,0,0,0,0,0,0,0,0;
53,53,53,53,53,53,53,53,53,53,53,53,53,53,53,53,53,53,53,53,53,53,53,53,53,53,53,53,53,53,53,53,53,53,53,53,53,53,53,53,53,54,1,56,57,58,59,60,61,62,63,64,65,66,67,68,0,0,0,0,0,0,0,0,0,0,0,0,0,0,0,0,0,0,0,0,0,0,0,0,0,0,0,0,0,0,0,0,0,0,0,0,0,0,0,0,0,0,0,0;
52,52,52,52,52,52,52,52,52,52,52,52,52,52,52,52,52,52,52,52,52,52,52,52,52,52,52,52,52,52,52,52,52,52,52,52,52,52,52,52,53,54,1,1,1,58,59,60,61,62,63,64,65,66,67,68,0,0,0,0,0,0,0,0,0,0,0,0,0,0,0,0,0,0,0,0,0,0,0,0,0,0,0,0,0,0,0,0,0,0,0,0,0,0,0,0,0,0,0,0;
51,51,51,51,51,51,51,51,51,51,51,51,51,51,51,51,51,51,51,51,51,51,51,51,51,51,51,51,51,51,51,51,51,51,51,51,51,51,51,52,53,1,1,1,1,1,59,60,61,62,63,64,65,66,67,68,0,0,0,0,0,0,0,0,0,0,0,0,0,0,0,0,0,0,0,0,0,0,0,0,0,0,0,0,0,0,0,0,0,0,0,0,0,0,0,0,0,0,0,0;
50,50,50,50,50,50,50,50,50,50,50,50,50,50,50,50,50,50,50,50,50,50,50,50,50,50,50,50,50,50,50,50,50,50,50,50,50,50,51,52,1,1,0,1,1,1,1,60,61,62,63,64,65,66,67,68,0,0,0,0,0,0,0,0,0,0,0,0,0,0,0,0,0,0,0,0,0,0,0,0,0,0,0,0,0,0,0,0,0,0,0,0,0,0,0,0,0,0,0,0;
49,49,49,49,49,49,49,49,49,49,49,49,49,49,49,49,49,49,49,49,49,49,49,49,49,49,49,49,49,49,49,49,49,49,49,49,49,50,51,1,1,0,0,0,1,1,1,1,61,62,63,64,65,66,67,68,0,0,0,0,0,0,0,0,0,0,0,0,0,0,0,0,0,0,0,0,0,0,0,0,0,0,0,0,0,0,0,0,0,0,0,0,0,0,0,0,0,0,0,0;
48,48,48,48,48,48,48,48,48,48,48,48,48,48,48,48,48,48,48,48,48,48,48,48,48,48,48,48,48,48,48,48,48,48,48,48,49,1,1,1,0,0,0,0,0,1,1,1,1,62,63,64,65,66,67,68,0,0,0,0,0,0,0,0,0,0,0,0,0,0,0,0,0,0,0,0,0,0,0,0,0,0,0,0,0,0,0,0,0,0,0,0,0,0,0,0,0,0,0,0;
47,47,47,47,47,47,47,47,47,47,47,47,47,47,47,47,47,47,47,47,47,47,47,47,47,47,47,47,47,47,47,47,47,47,47,48,1,1,1,0,0,0,0,0,0,0,1,1,1,63,63,64,65,66,67,68,0,0,0,0,0,0,0,0,0,0,0,0,0,0,0,0,0,0,0,0,0,0,0,0,0,0,0,0,0,0,0,0,0,0,0,0,0,0,0,0,0,0,0,0;
46,46,46,46,46,46,46,46,46,46,46,46,46,46,46,46,46,46,46,46,46,46,46,46,46,46,46,46,46,46,46,46,46,46,47,1,1,1,0,0,0,0,0,0,0,0,0,1,1,1,64,64,65,66,67,68,0,0,0,0,0,0,0,0,0,0,0,0,0,0,0,0,0,0,0,0,0,0,0,0,0,0,0,0,0,0,0,0,0,0,0,0,0,0,0,0,0,0,0,0;
45,45,45,45,45,45,45,45,45,45,45,45,45,45,45,45,45,45,45,45,45,45,45,45,45,45,45,45,45,45,45,45,45,1,1,1,1,0,0,0,0,0,0,0,0,0,0,0,1,1,1,65,65,66,67,68,0,0,0,0,0,0,0,0,0,0,0,0,0,0,0,0,0,0,0,0,0,0,0,0,0,0,0,0,0,0,0,0,0,0,0,0,0,0,0,0,0,0,0,0;
44,44,44,44,44,44,44,44,44,44,44,44,44,44,44,44,44,44,44,44,44,44,44,44,44,44,44,44,44,44,44,44,1,1,1,1,0,0,0,0,0,0,0,0,0,0,0,0,0,1,1,66,66,66,67,68,68,68,68,68,68,68,68,68,68,68,68,68,68,68,68,68,68,68,68,68,68,68,68,68,68,68,0,0,0,0,0,0,0,0,0,0,0,0,0,0,0,0,0,0;
43,43,43,43,43,43,43,43,43,43,43,43,43,43,43,43,43,43,43,43,43,43,43,43,43,43,43,43,43,43,43,1,1,1,1,0,0,0,0,0,0,68,68,68,68,68,68,68,68,1,1,1,67,67,67,67,67,67,67,67,67,67,67,67,67,67,67,67,67,67,67,67,67,67,67,67,67,67,67,67,67,68,0,0,0,0,0,0,0,0,0,0,0,0,0,0,0,0,0,0;
42,42,42,42,42,42,42,42,42,42,42,42,42,42,42,42,42,42,42,42,42,42,42,42,42,42,42,42,42,42,42,1,1,1,0,0,0,0,0,0,-1,67,67,67,67,67,67,67,67,1,1,1,1,66,66,66,66,66,66,66,66,66,66,66,66,66,66,66,66,66,66,66,66,66,66,66,66,66,66,66,67,68,0,0,0,0,0,0,0,0,0,0,0,0,0,0,0,0,0,0;
41,41,41,41,41,41,41,41,41,41,41,41,41,41,41,41,41,41,41,41,41,41,41,41,41,41,41,41,41,41,41,1,1,1,0,0,0,0,0,67,-2,66,66,66,66,66,66,66,66,66,1,1,1,1,65,65,65,65,65,65,65,65,65,65,65,65,65,65,65,65,65,65,65,65,65,65,65,65,65,66,67,68,0,0,0,0,0,0,0,0,0,0,0,0,0,0,0,0,0,0;
40,40,40,40,40,40,40,40,40,40,40,40,40,40,40,40,40,40,40,40,40,40,40,40,40,40,40,40,40,40,40,1,1,1,1,0,0,0,0,67,-2,-3,65,65,65,65,65,65,65,65,65,65,1,1,1,64,64,64,64,64,64,64,64,64,64,64,64,64,64,64,64,64,64,64,64,64,64,64,65,66,67,68,0,0,0,0,0,0,0,0,0,0,0,0,0,0,0,0,0,0;
39,39,39,39,39,39,39,39,39,39,39,39,39,39,39,39,39,39,39,39,39,39,39,39,39,39,39,39,39,39,40,41,1,1,1,1,0,0,0,67,66,-3,-3,64,64,64,64,64,64,64,64,64,1,1,1,1,63,63,63,63,63,63,63,63,63,63,63,63,63,63,63,63,63,63,63,63,63,64,65,66,67,68,0,0,0,0,0,0,0,0,0,0,0,0,0,0,0,0,0,0;
38,38,38,38,38,38,38,38,38,38,38,38,38,38,38,38,38,38,38,38,38,38,38,38,38,38,38,38,38,39,40,41,42,1,1,1,1,0,0,67,66,65,-3,-3,63,63,63,63,63,63,63,63,63,1,1,1,1,62,62,62,62,62,62,62,62,62,62,62,62,62,62,62,62,62,62,62,63,64,65,66,67,68,0,0,0,0,0,0,0,0,0,0,0,0,0,0,0,0,0,0;
37,37,37,37,37,37,37,37,37,37,37,37,37,37,37,37,37,37,37,37,37,37,37,37,37,37,37,37,38,39,40,41,42,43,1,1,1,0,0,67,66,65,64,-3,-3,62,62,62,62,62,62,62,62,63,1,1,1,1,61,61,61,61,61,61,61,61,61,61,61,61,61,61,61,61,61,62,63,64,65,66,67,68,0,0,0,0,0,0,0,0,0,0,0,0,0,0,0,0,0,0;
36,36,36,36,36,36,36,36,36,36,36,36,36,36,36,36,36,36,36,36,36,36,36,36,36,36,36,37,38,39,40,41,42,43,44,1,1,1,0,67,66,65,64,63,-3,-3,61,61,61,61,61,61,62,63,64,65,1,1,1,60,60,60,60,60,60,60,60,60,60,60,60,60,60,60,61,62,63,64,65,66,67,68,0,0,0,0,0,0,0,0,0,0,0,0,0,0,0,0,0,0;
35,35,35,35,35,35,35,35,35,35,35,35,35,35,35,35,35,35,35,35,35,35,35,35,35,35,36,37,38,39,40,41,42,43,44,45,1,1,1,67,66,65,64,63,62,-3,-3,-2,60,60,60,61,62,63,64,65,1,1,1,1,59,59,59,59,59,59,59,59,59,59,59,59,59,60,61,62,63,64,65,66,67,68,0,0,0,0,0,0,0,0,0,0,0,0,0,0,0,0,0,0;
34,34,34,34,34,34,34,34,34,34,34,34,34,34,34,34,34,34,34,34,34,34,34,34,34,35,36,37,38,39,40,41,42,43,44,45,46,1,1,67,66,65,64,63,62,1,1,-3,-3,59,60,61,62,63,64,65,1,1,1,1,1,58,58,58,58,58,58,58,58,58,58,58,59,60,61,62,63,64,65,66,67,68,0,0,0,0,0,0,0,0,0,0,0,0,0,0,0,0,0,0;
33,33,33,33,33,33,33,33,33,33,33,33,33,33,33,33,33,33,33,33,33,33,33,33,34,35,36,37,38,39,40,41,42,43,44,45,46,47,1,1,66,65,64,63,1,1,1,1,-3,59,60,61,62,63,64,65,66,67,1,1,1,57,57,57,57,57,57,57,57,57,57,58,59,60,61,62,63,64,65,66,67,68,0,0,0,0,0,0,0,0,0,0,0,0,0,0,0,0,0,0;
32,32,32,32,32,32,32,32,32,32,32,32,32,32,32,32,32,32,32,32,32,32,32,33,34,35,36,37,38,39,40,41,42,43,44,45,46,47,48,1,1,65,64,1,1,1,1,-3,-2,59,60,61,62,63,64,65,66,67,68,1,1,1,56,56,56,56,56,56,56,56,57,58,59,60,61,62,63,64,65,66,67,68,0,0,0,0,0,0,0,0,0,0,0,0,0,0,0,0,0,0;
31,31,31,31,31,31,31,31,31,31,31,31,31,31,31,31,31,31,31,31,-2,-3,-3,33,34,35,36,37,38,39,40,41,42,43,44,45,46,47,48,1,1,1,1,1,1,-2,-3,-3,58,59,60,61,62,63,64,65,66,67,68,1,1,1,1,55,55,55,55,55,55,56,57,58,59,60,61,62,63,64,65,66,67,68,0,0,0,0,0,0,0,0,0,0,0,0,0,0,0,0,0,0;
30,30,30,30,30,30,30,30,30,30,30,30,30,30,30,30,30,30,30,30,-3,1,-3,-3,34,35,36,37,38,39,40,41,42,43,44,45,46,47,48,49,50,1,1,1,-3,-3,56,57,58,59,60,61,62,63,64,65,66,67,68,0,1,1,1,1,54,54,54,54,55,56,57,58,59,60,61,62,63,64,65,66,67,68,0,0,0,0,0,0,0,0,0,0,0,0,0,0,0,0,0,0;
29,29,29,29,29,29,29,29,29,29,29,29,29,29,29,29,29,29,29,29,-2,1,1,-3,-3,35,36,37,38,39,40,41,42,43,44,45,46,47,48,49,50,1,1,-3,-3,55,56,57,58,59,60,61,62,63,64,65,66,67,68,0,1,1,1,1,1,53,53,54,55,56,57,58,59,60,61,62,63,64,65,66,67,68,0,0,0,0,0,0,0,0,0,0,0,0,0,0,0,0,0,0;
28,28,28,28,28,28,28,28,28,28,28,28,28,28,28,28,28,28,28,28,-2,28,1,1,-2,-2,-2,-2,-2,-2,-2,-2,-2,-2,-2,-2,-2,-2,-2,-2,-2,-2,-3,-3,54,55,56,57,58,59,60,61,62,63,64,65,66,67,68,1,1,1,1,1,52,52,53,54,55,56,57,58,59,60,61,62,63,64,65,66,67,68,0,0,0,0,0,0,0,0,0,0,0,0,0,0,0,0,0,0;
27,27,27,27,27,27,27,27,27,27,27,27,27,27,27,27,27,27,27,27,-2,27,27,1,1,35,36,37,38,39,40,41,42,43,44,45,46,47,48,49,50,51,52,53,54,55,56,57,58,59,60,61,62,63,64,65,66,67,1,1,1,1,1,51,51,52,53,54,55,56,57,58,59,60,61,62,63,64,65,66,67,68,0,0,0,0,0,0,0,0,0,0,0,0,0,0,0,0,0,0;
26,26,26,26,26,26,26,26,26,26,26,26,26,26,26,26,26,1,1,26,-2,26,26,1,1,36,36,37,38,39,40,41,42,43,44,45,46,47,48,49,50,51,52,53,54,55,56,57,58,59,60,61,62,63,64,65,66,1,1,1,1,1,50,50,51,52,53,54,55,56,57,58,59,60,61,62,63,64,65,66,67,68,0,0,0,0,0,0,0,0,0,0,0,0,0,0,0,0,0,0;
25,25,25,25,25,25,25,25,25,25,25,25,25,25,25,25,25,1,1,1,-2,-3,25,25,1,1,37,37,38,39,40,41,42,43,44,45,46,47,48,49,50,51,52,53,54,55,56,57,58,59,60,61,62,63,64,65,66,1,1,1,1,49,49,50,51,52,53,54,55,56,57,58,59,60,61,62,63,64,65,66,67,68,0,0,0,0,0,0,0,0,0,0,0,0,0,0,0,0,0,0;
24,24,24,24,24,24,24,24,24,24,24,24,24,24,24,24,24,24,1,1,1,-3,24,24,24,1,1,38,38,39,40,41,42,43,44,45,46,47,48,49,50,51,52,53,54,55,56,57,58,59,60,61,62,63,64,65,1,1,1,1,48,48,49,50,51,52,53,54,55,56,57,58,59,60,61,62,63,64,65,66,67,68,0,0,0,0,0,0,0,0,0,0,0,0,0,0,0,0,0,0;
23,23,23,23,23,23,23,23,23,23,23,23,23,23,23,23,23,23,23,1,1,-2,23,23,23,23,1,1,39,39,40,41,42,43,44,45,46,47,48,49,50,51,52,53,54,55,56,57,58,59,60,61,62,63,64,1,1,1,1,47,47,48,49,50,51,52,53,54,55,56,57,58,59,60,61,62,63,64,65,66,67,68,0,0,0,0,0,0,0,0,0,0,0,0,0,0,0,0,0,0;
22,22,22,22,22,22,22,22,22,22,22,22,22,22,22,22,22,22,22,22,22,-2,22,22,22,22,22,1,1,40,40,41,42,43,44,45,46,47,48,49,50,51,52,53,54,55,56,57,58,59,60,61,62,63,1,1,1,1,46,46,47,48,49,50,51,52,53,54,55,56,57,58,59,60,61,62,63,64,65,66,67,68,0,0,0,0,0,0,0,0,0,0,0,0,0,0,0,0,0,0;
21,21,21,21,21,21,21,21,21,21,21,21,21,21,21,21,21,21,21,21,21,-2,21,21,21,21,21,21,1,1,41,41,42,43,44,45,46,47,48,49,50,51,52,53,54,55,56,57,58,59,60,61,1,1,1,1,1,45,45,46,47,48,49,50,51,52,53,54,55,56,57,58,59,60,61,62,63,64,65,66,67,68,0,0,0,0,0,0,0,0,0,0,0,0,0,0,0,0,0,0;
20,20,20,20,20,20,20,20,20,20,1,1,20,20,20,20,20,20,20,20,20,-2,20,20,20,20,20,20,20,1,1,42,42,43,44,45,46,47,48,49,50,51,52,53,54,55,56,57,58,59,60,1,1,1,1,1,44,44,45,46,47,48,49,50,51,52,53,54,55,56,57,58,59,60,61,62,63,64,65,66,67,68,0,0,0,0,0,0,0,0,0,0,0,0,0,0,0,0,0,0;
19,19,19,19,19,19,19,19,19,1,1,1,19,19,19,19,19,19,19,19,19,-2,19,19,19,19,19,19,19,19,1,1,1,43,44,45,46,47,48,49,50,51,52,53,54,55,56,57,58,59,60,1,1,1,1,43,43,44,45,46,47,48,49,50,51,52,53,54,55,56,57,58,59,60,61,62,63,64,65,66,67,68,0,0,0,0,0,0,0,0,0,0,0,0,0,0,0,0,0,0;
18,18,18,18,18,18,18,18,18,1,1,1,1,18,18,18,18,18,18,18,18,-2,18,18,18,18,18,18,18,18,18,1,1,44,44,45,46,47,48,49,50,51,52,53,54,55,56,57,58,1,1,1,1,1,42,42,43,44,45,46,47,48,49,50,51,52,53,54,55,56,57,58,59,60,61,62,63,64,65,66,67,68,0,0,0,0,0,0,0,0,0,0,0,0,0,0,0,0,0,0;
17,17,17,17,17,17,17,17,17,17,17,1,1,1,17,17,17,17,17,17,17,-2,17,17,17,17,17,17,17,17,17,18,1,1,45,45,46,47,48,49,50,51,52,53,54,55,56,57,1,1,1,1,1,41,41,42,43,44,45,46,47,48,49,50,51,52,53,54,55,56,57,58,59,60,61,62,63,64,65,66,67,68,0,0,0,0,0,0,0,0,0,0,0,0,0,0,0,0,0,0;
17,16,16,16,16,16,16,16,16,16,16,1,1,1,1,16,16,16,16,16,16,-2,16,16,16,16,16,16,16,16,17,18,19,1,1,46,46,47,48,49,50,51,52,53,54,55,56,1,1,1,1,40,40,40,41,42,43,44,45,46,47,48,49,50,51,52,53,54,55,56,57,58,59,60,61,62,63,64,65,66,67,68,0,0,0,0,0,0,0,0,0,0,0,0,0,0,0,0,0,0;
17,16,15,15,15,15,15,15,15,15,15,15,1,1,1,1,15,15,15,15,15,-2,15,15,15,15,15,15,15,16,17,18,19,20,1,1,47,47,48,49,50,51,52,53,54,55,1,1,1,1,1,1,39,40,41,42,43,44,45,46,47,48,49,50,51,52,53,54,55,56,57,58,59,60,61,62,63,64,65,66,67,68,0,0,0,0,0,0,0,0,0,0,0,0,0,0,0,0,0,0;
17,16,15,14,14,14,14,14,14,14,14,14,14,14,1,1,1,14,14,14,14,-2,14,14,14,14,14,14,15,16,17,18,19,20,1,1,1,48,48,49,50,51,52,53,1,1,1,1,1,37,37,38,39,40,41,42,43,44,45,46,47,48,49,50,51,52,53,54,55,56,57,58,59,60,61,62,63,64,65,66,67,68,0,0,0,0,0,0,0,0,0,0,0,0,0,0,0,0,0,0;
17,16,15,14,13,13,13,13,13,13,13,13,13,13,13,1,1,13,13,13,13,-2,13,13,13,13,13,14,15,16,17,18,19,20,21,1,1,1,49,49,50,51,52,1,1,1,1,1,1,36,37,38,39,40,41,42,43,44,45,46,47,48,49,50,51,52,53,54,55,56,57,58,59,60,61,62,63,64,65,66,67,68,0,0,0,0,0,0,0,0,0,0,0,0,0,0,0,0,0,0;
17,16,15,14,13,12,12,12,12,12,12,12,12,12,12,1,1,1,12,12,12,-2,12,12,12,12,13,14,15,16,17,18,19,20,21,22,1,1,1,50,50,1,1,1,1,1,1,1,35,36,37,38,39,40,41,42,43,44,45,46,47,48,49,50,51,52,53,54,55,56,57,58,59,60,61,62,63,64,65,66,67,68,0,0,0,0,0,0,0,0,0,0,0,0,0,0,0,0,0,0;
17,16,15,14,13,12,11,11,11,11,11,11,11,11,11,11,1,1,1,11,11,-2,11,11,11,12,13,14,15,16,17,18,19,20,21,22,23,1,1,1,1,1,1,1,1,1,33,34,35,36,37,38,39,40,41,42,43,44,45,46,47,48,49,50,51,52,53,54,55,56,57,58,59,60,61,62,63,64,65,66,67,68,0,0,0,0,0,0,0,0,0,0,0,0,0,0,0,0,0,0;
17,16,15,14,13,12,11,10,10,10,10,10,10,10,10,10,10,1,1,1,10,-2,10,10,11,12,13,14,15,16,17,18,19,20,21,22,23,1,1,1,1,1,1,1,1,32,33,34,35,36,37,38,39,40,41,42,43,44,45,46,47,48,49,50,51,52,53,54,55,56,57,58,59,60,61,62,63,64,65,66,67,68,0,0,0,0,0,0,0,0,0,0,0,0,0,0,0,0,0,0;
17,16,15,14,13,12,11,10,9,9,9,9,9,9,9,9,9,9,1,9,9,-2,9,10,11,12,13,14,15,16,17,18,19,20,21,22,23,24,25,1,1,1,1,1,31,32,33,34,35,36,37,38,39,40,41,42,43,44,45,46,47,48,49,50,51,52,53,54,55,56,57,58,59,60,61,62,63,64,65,66,67,68,0,0,0,0,0,0,0,0,0,0,0,0,0,0,0,0,0,0;
17,16,15,14,13,12,11,10,9,8,8,8,8,8,8,8,8,8,8,8,8,-2,9,10,11,12,13,14,15,16,17,18,19,20,21,22,23,24,25,26,1,1,1,30,31,32,33,34,35,36,37,38,39,40,41,42,43,44,45,46,47,48,49,50,51,52,53,54,55,56,57,58,59,60,61,62,63,64,65,66,67,68,0,0,0,0,0,0,0,0,0,0,0,0,0,0,0,0,0,0;
17,16,15,14,13,12,11,10,9,8,7,7,7,7,7,7,7,7,7,7,-3,-2,9,10,11,12,13,14,15,16,17,18,19,20,21,22,23,24,25,26,27,28,29,30,31,32,33,34,35,36,37,38,39,40,41,42,43,44,45,46,47,48,49,50,51,52,53,54,55,56,57,58,59,60,61,62,63,64,65,66,67,68,0,0,0,0,0,0,0,0,0,0,0,0,0,0,0,0,0,0;
17,16,15,14,13,12,11,10,9,8,7,6,6,6,6,6,6,6,6,-3,-3,8,9,10,11,12,13,14,15,16,17,18,19,20,21,22,23,24,25,26,27,28,29,30,31,32,33,34,35,36,37,38,39,40,41,42,43,44,45,46,47,48,49,50,51,52,53,54,55,56,57,58,59,60,61,62,63,64,65,66,67,68,0,0,0,0,0,0,0,0,0,0,0,0,0,0,0,0,0,0;
17,16,15,14,13,12,11,10,9,8,7,6,5,5,5,5,5,5,-3,-3,7,8,9,10,11,12,13,14,15,16,17,18,19,20,21,22,23,24,25,26,27,28,29,30,31,32,33,34,35,36,37,38,39,40,41,42,43,44,45,46,47,48,49,50,51,52,53,54,55,56,57,58,59,60,61,62,63,64,65,66,67,68,0,0,0,0,0,0,0,0,0,0,0,0,0,0,0,0,0,0;
17,16,15,14,13,12,11,10,9,8,7,6,5,4,4,4,4,-3,-3,6,7,8,9,10,11,12,13,14,15,16,17,18,19,20,21,22,23,24,25,26,27,28,29,30,31,32,33,34,35,36,37,38,39,40,41,42,43,44,45,46,47,48,49,50,51,52,53,54,55,56,57,58,59,60,61,62,63,64,65,66,67,68,0,0,0,0,0,0,0,0,0,0,0,0,0,0,0,0,0,0;
17,16,15,14,13,12,11,10,9,8,7,6,5,4,3,3,-3,-3,5,6,7,8,9,10,11,12,13,14,15,16,17,18,19,20,21,22,23,24,25,26,27,28,29,30,31,32,33,34,35,36,37,38,39,40,41,42,43,44,45,46,47,48,49,50,51,52,53,54,55,56,57,58,59,60,61,62,63,64,65,66,67,68,0,0,0,0,0,0,0,0,0,0,0,0,0,0,0,0,0,0;
17,16,15,14,13,12,11,10,9,8,7,6,5,4,3,-3,-3,4,5,6,7,8,9,10,11,12,13,14,15,16,17,18,19,20,21,22,23,24,25,26,27,28,29,30,31,32,33,34,35,36,37,38,39,40,41,42,43,44,45,46,47,48,49,50,51,52,53,54,55,56,57,58,59,60,61,62,63,64,65,66,67,68,0,0,0,0,0,0,0,0,0,0,0,0,0,0,0,0,0,0;
17,16,15,14,13,12,11,10,9,8,7,6,5,4,3,3,3,4,5,6,7,8,9,10,11,12,13,14,15,16,17,18,19,20,21,22,23,24,25,26,27,28,29,30,31,32,33,34,35,36,37,38,39,40,41,42,43,44,45,46,47,48,49,50,51,52,53,54,55,56,57,58,59,60,61,62,63,64,65,66,67,68,0,0,0,0,0,0,0,0,0,0,0,0,0,0,0,0,0,0;
17,16,15,14,13,12,11,10,9,8,7,6,5,4,4,4,4,4,5,6,7,8,9,10,11,12,13,14,15,16,17,18,19,20,21,22,23,24,25,26,27,28,29,30,31,32,33,34,35,36,37,38,39,40,41,42,43,44,45,46,47,48,49,50,51,52,53,54,55,56,57,58,59,60,61,62,63,64,65,66,67,68,0,0,0,0,0,0,0,0,0,0,0,0,0,0,0,0,0,0;
17,16,15,14,13,12,11,10,9,8,7,6,5,5,5,5,5,5,5,6,7,8,9,10,11,12,13,14,15,16,17,18,19,20,21,22,23,24,25,26,27,28,29,30,31,32,33,34,35,36,37,38,39,40,41,42,43,44,45,46,47,48,49,50,51,52,53,54,55,56,57,58,59,60,61,62,63,64,65,66,67,68,0,0,0,0,0,0,0,0,0,0,0,0,0,0,0,0,0,0;
17,16,15,14,13,12,11,10,9,8,7,6,6,6,6,6,6,6,6,6,7,8,9,10,11,12,13,14,15,16,17,18,19,20,21,22,23,24,25,26,27,28,29,30,31,32,33,34,35,36,37,38,39,40,41,42,43,44,45,46,47,48,49,50,51,52,53,54,55,56,57,58,59,60,61,62,63,64,65,66,67,68,0,0,0,0,0,0,0,0,0,0,0,0,0,0,0,0,0,0;
17,16,15,14,13,12,11,10,9,8,7,7,7,7,7,7,7,7,7,7,7,8,9,10,11,12,13,14,15,16,17,18,19,20,21,22,23,24,25,26,27,28,29,30,31,32,33,34,35,36,37,38,39,40,41,42,43,44,45,46,47,48,49,50,51,52,53,54,55,56,57,58,59,60,61,62,63,64,65,66,67,68,0,0,0,0,0,0,0,0,0,0,0,0,0,0,0,0,0,0;
17,16,15,14,13,12,11,10,9,8,8,8,8,8,8,8,8,8,8,8,8,8,9,10,11,12,13,14,15,16,17,18,19,20,21,22,23,24,25,26,27,28,29,30,31,32,33,34,35,36,37,38,39,40,41,42,43,44,45,46,47,48,49,50,51,52,53,54,55,56,57,58,59,60,61,62,63,64,65,66,67,68,0,0,0,0,0,0,0,0,0,0,0,0,0,0,0,0,0,0;
17,16,15,14,13,12,11,10,9,9,9,9,9,9,9,9,9,9,9,9,9,9,9,10,11,12,13,14,15,16,17,18,19,20,21,22,23,24,25,26,27,28,29,30,31,32,33,34,35,36,37,38,39,40,41,42,43,44,45,46,47,48,49,50,51,52,53,54,55,56,57,58,59,60,61,62,63,64,65,66,67,68,0,0,0,0,0,0,0,0,0,0,0,0,0,0,0,0,0,0;
17,16,15,14,13,12,11,10,10,10,10,10,10,10,10,10,10,10,10,10,10,10,10,10,11,12,13,14,15,16,17,18,19,20,21,22,23,24,25,26,27,28,29,30,31,32,33,34,35,36,37,38,39,40,41,42,43,44,45,46,47,48,49,50,51,52,53,54,55,56,57,58,59,60,61,62,63,64,65,66,67,68,0,0,0,0,0,0,0,0,0,0,0,0,0,0,0,0,0,0;
17,16,15,14,13,12,11,11,11,11,11,11,11,11,11,11,11,11,11,11,11,11,11,11,11,12,13,14,15,16,17,18,19,20,21,22,23,24,25,26,27,28,29,30,31,32,33,34,35,36,37,38,39,40,41,42,43,44,45,46,47,48,49,50,51,52,53,54,55,56,57,58,59,60,61,62,63,64,65,66,67,68,0,0,0,0,0,0,0,0,0,0,0,0,0,0,0,0,0,0;
17,16,15,14,13,12,12,12,12,12,12,12,12,12,12,12,12,12,12,12,12,12,12,12,12,12,13,14,15,16,17,18,19,20,21,22,23,24,25,26,27,28,29,30,31,32,33,34,35,36,37,38,39,40,41,42,43,44,45,46,47,48,49,50,51,52,53,54,55,56,57,58,59,60,61,62,63,64,65,66,67,68,0,0,0,0,0,0,0,0,0,0,0,0,0,0,0,0,0,0;
17,16,15,14,13,13,13,13,13,13,13,13,13,13,13,13,13,13,13,13,13,13,13,13,13,13,13,14,15,16,17,18,19,20,21,22,23,24,25,26,27,28,29,30,31,32,33,34,35,36,37,38,39,40,41,42,43,44,45,46,47,48,49,50,51,52,53,54,55,56,57,58,59,60,61,62,63,64,65,66,67,68,0,0,0,0,0,0,0,0,0,0,0,0,0,0,0,0,0,0;
17,16,15,14,14,14,14,14,14,14,14,14,14,14,14,14,14,14,14,14,14,14,14,14,14,14,14,14,15,16,17,18,19,20,21,22,23,24,25,26,27,28,29,30,31,32,33,34,35,36,37,38,39,40,41,42,43,44,45,46,47,48,49,50,51,52,53,54,55,56,57,58,59,60,61,62,63,64,65,66,67,68,0,0,0,0,0,0,0,0,0,0,0,0,0,0,0,0,0,0;
17,16,15,15,15,15,15,15,15,15,15,15,15,15,15,15,15,15,15,15,15,15,15,15,15,15,15,15,15,16,17,18,19,20,21,22,23,24,25,26,27,28,29,30,31,32,33,34,35,36,37,38,39,40,41,42,43,44,45,46,47,48,49,50,51,52,53,54,55,56,57,58,59,60,61,62,63,64,65,66,67,68,0,0,0,0,0,0,0,0,0,0,0,0,0,0,0,0,0,0;
17,16,16,16,16,16,16,16,16,16,16,16,16,16,16,16,16,16,16,16,16,16,16,16,16,16,16,16,16,16,17,18,19,20,21,22,23,24,25,26,27,28,29,30,31,32,33,34,35,36,37,38,39,40,41,42,43,44,45,46,47,48,49,50,51,52,53,54,55,56,57,58,59,60,61,62,63,64,65,66,67,68,0,0,0,0,0,0,0,0,0,0,0,0,0,0,0,0,0,0;
